95007777
640304349
110982988
270352160
134906657
166718999
89460333
206837854
185952685
42956363
252273084
55138435
313963130
207021956
75330997
35598899
62549527
116161926
103915278
10107507
666440159
206740735
65721783
376719125
21513931
88064191
615417713
102297531
548817531
51515909
373268529
1038491340
189001933
493935771
912056486
432159925
87768078
8549653
73512299
65690403
96983649
6622936
139327727
65118116
146993252
643751585
163877618
384543395
473890835
296299280
401462262
260353331
120989570
130611960
36016257
81678090
869580155
2037670
473482932
344197489
199526277
598260153
177396763
27695295
66524950
141821906
465002406
392688081
242981825
253405558
470987201
13495454
150882006
729228182
361170526
50500232
11476666
181652220
573835540
547614382
164164366
131669824
526483051
610091630
252300013
102592128
400248402
421850468
130258354
140000085
319010304
494729498
55293886
117204146
915586710
400068825
1148624312
33816871
124285957
114160330
