448726341
200302483
16465944
344150364
250899483
105236431
273413483
344231888
1073052695
213884675
454390540
950845993
462763360
110374774
1375518713
722624071
495957805
16557118
283462080
130773157
717040435
406872553
79697005
332708187
770264033
422510495
543808537
429177011
473933121
430597207
108775035
389404284
262434271
502525119
177923900
678147541
682758478
80076645
48661005
37290325
684380049
251179182
560136419
645164780
265901672
29882413
300717116
34473671
99540945
433679762
201653044
462533907
481618810
58350054
44767591
185536736
695526277
21707218
291004128
216111099
183208607
404103895
243604359
38592403
87421354
298033650
134385928
161333191
312191981
170978
283380959
47011714
167473738
211601522
327295480
707956208
109464606
99091572
403486750
232767478
328247634
583203644
610214911
87105428
9647751
172537972
76122664
114402790
169845452
83708431
357762340
51640492
165791044
157550662
62524578
248734517
396271204
78487525
225149615
218482448
