219917
5145
37098
50548
1715089
21643
28233
308466
6415
727589
570618
33369
129754
122688
54481
73247
98395
196018
91240
823
165917
9239
41019
176251
44879
120999
1170533
2541083
27061
98037
115127
4350
961017
32837
2194
81099
26396
431821
32463
37309
250443
905162
934653
9824
53738
85337
183442
21497
107585
83660
3505574
101785
4156922
242570
213649
161958
135673
68266
93040
1020161
60935
132841
24569
114963
15638
47120
208486
34583
155049
564550
2665013
198390
11490
17338
214352
196312
48260
21220
22314
190390
39332
305952
65177
693486
87675
79634
204334
144876
469754
41357
230826
858878
138848
185322
47976
12455
437392
32813
321755
49330
