513056635
165925481
625391866
437788604
165959405
179900977
324588253
143612462
245032019
98936049
483802660
202196483
125920338
49260032
106543123
138907475
20681473
480998314
435455110
344833285
36004959
269202069
80957781
92660247
49944943
660333017
208060287
69728215
840041981
8479217
484752437
125711160
7820267
264792827
165258378
4887593
630117842
10665589
788736729
184175903
537012117
290840230
958176421
56634210
63223676
320056481
48299230
177226133
85004955
155051616
1501233066
120646169
76850818
674336848
631956329
37585716
333155351
287278432
448312052
37199221
521573485
211403419
172373007
153484547
463373556
88788316
295488318
691726903
191363593
126347630
25744367
456208620
303814608
1272008098
320613268
419354498
102087620
434881600
177663278
91050034
47764546
1047563326
36367721
18377402
860034401
1389048
548289884
9071152
2998636
3969823
1086208842
779465678
325291280
128187606
141275762
184634293
824043816
230390649
538965563
77418214
