219917
5145
37098
50548
1715089
21643
28233
308466
6415
727589
570618
33369
129754
122688
54481
73247
98395
196018
91240
823
165917
9239
41019
176251
44879
120999
1170533
2541083
27061
98037
115127
4350
961017
32837
2194
81099
26396
431821
32463
37309
250443
905162
934653
9824
53738
85337
183442
21497
107585
83660
3505574
101785
4156922
242570
213649
161958
135673
68266
93040
1020161
60935
132841
24569
114963
15638
47120
208486
34583
155049
564550
2665013
198390
11490
17338
214352
196312
48260
21220
22314
190390
39332
305952
65177
693486
87675
79634
204334
144876
469754
41357
230826
858878
138848
185322
47976
12455
437392
32813
321755
49330
513056635
165925481
625391866
437788604
165959405
179900977
324588253
143612462
245032019
98936049
483802660
202196483
125920338
49260032
106543123
138907475
20681473
480998314
435455110
344833285
36004959
269202069
80957781
92660247
49944943
660333017
208060287
69728215
840041981
8479217
484752437
125711160
7820267
264792827
165258378
4887593
630117842
10665589
788736729
184175903
537012117
290840230
958176421
56634210
63223676
320056481
48299230
177226133
85004955
155051616
1501233066
120646169
76850818
674336848
631956329
37585716
333155351
287278432
448312052
37199221
521573485
211403419
172373007
153484547
463373556
88788316
295488318
691726903
191363593
126347630
25744367
456208620
303814608
1272008098
320613268
419354498
102087620
434881600
177663278
91050034
47764546
1047563326
36367721
18377402
860034401
1389048
548289884
9071152
2998636
3969823
1086208842
779465678
325291280
128187606
141275762
184634293
824043816
230390649
538965563
77418214
448726341
200302483
16465944
344150364
250899483
105236431
273413483
344231888
1073052695
213884675
454390540
950845993
462763360
110374774
1375518713
722624071
495957805
16557118
283462080
130773157
717040435
406872553
79697005
332708187
770264033
422510495
543808537
429177011
473933121
430597207
108775035
389404284
262434271
502525119
177923900
678147541
682758478
80076645
48661005
37290325
684380049
251179182
560136419
645164780
265901672
29882413
300717116
34473671
99540945
433679762
201653044
462533907
481618810
58350054
44767591
185536736
695526277
21707218
291004128
216111099
183208607
404103895
243604359
38592403
87421354
298033650
134385928
161333191
312191981
170978
283380959
47011714
167473738
211601522
327295480
707956208
109464606
99091572
403486750
232767478
328247634
583203644
610214911
87105428
9647751
172537972
76122664
114402790
169845452
83708431
357762340
51640492
165791044
157550662
62524578
248734517
396271204
78487525
225149615
218482448
95007777
640304349
110982988
270352160
134906657
166718999
89460333
206837854
185952685
42956363
252273084
55138435
313963130
207021956
75330997
35598899
62549527
116161926
103915278
10107507
666440159
206740735
65721783
376719125
21513931
88064191
615417713
102297531
548817531
51515909
373268529
1038491340
189001933
493935771
912056486
432159925
87768078
8549653
73512299
65690403
96983649
6622936
139327727
65118116
146993252
643751585
163877618
384543395
473890835
296299280
401462262
260353331
120989570
130611960
36016257
81678090
869580155
2037670
473482932
344197489
199526277
598260153
177396763
27695295
66524950
141821906
465002406
392688081
242981825
253405558
470987201
13495454
150882006
729228182
361170526
50500232
11476666
181652220
573835540
547614382
164164366
131669824
526483051
610091630
252300013
102592128
400248402
421850468
130258354
140000085
319010304
494729498
55293886
117204146
915586710
400068825
1148624312
33816871
124285957
114160330
45
321
264
90
197
3
149
48
293
89
14
423
214
80
5
97
59
174
248
13
31
257
235
25
57
111
89
49
7
149
101
112
21
115
250
37
374
665
169
33
391
62
241
224
144
73
160
81
185
206
118
137
196
150
33
110
425
54
230
289
37
103
61
121
270
18
134
47
473
8
199
82
10
70
192
96
620
512
12
18
128
702
55
16
61
60
4
318
152
347
372
572
144
32
62
147
60
113
103
40
55
293
926
92
723
1153
1115
2414
355
253
40
1529
870
612
3273
81
485
278
384
15
1877
1087
75
711
93
341
181
1795
333
543
1015
1374
353
1667
3640
851
1612
1713
1737
131
1671
372
75
232
1288
919
14
1403
2265
218
104
171
380
956
913
992
793
80
156
11
205
1169
289
1105
288
860
448
511
2839
644
655
142
394
862
8
314
942
2164
24
12
220
1076
1515
166
1361
148
2858
266
422
389
488
436
302
454
454
1439
204
165
137
2460
99
497
904
234
59
101
7
134
927
457
302
113
304
18
1059
349
203
118
158
245
9
323
313
245
299
171
5
243
289
125
355
590
369
935
642
37
66
361
97
61
61
0
9
228
34
111
110
51
109
122
4
183
224
1288
105
140
143
20
20
69
81
39
247
219
440
170
40
1
75
202
157
92
136
172
12
142
174
260
62
116
188
162
337
16
9
400
122
506
32
545
126
310
74
520
336
197
126
135
81
70
       Strategy    Avg. residue  Avg. time (ms)

           Pure          323363        0.071961
         Random       305222569       42.416753
           Hill       304621089        5.347225
      Annealing       269896268       13.471715
      PP-Random             157      634.169054
        PP-Hill             779      487.836099
   PP-Annealing             219      504.302046
